generation 0
glyph_runs 16
run font=9 size=34.0 color=Text orientation=Upright
  ids 29678 9511 29528
  pos 26.0 65.140625 60.0 65.140625 94.0 65.140625
run font=8 size=17.0 color=Text orientation=Upright
  ids 20657 10854 23245 13244 29357 11915 9523 58986 15806 41263 9511 25679 15553 43546 1405 9814 19912 9524 18640
  pos 26.0 118.65625 44.078125 118.65625 62.15625 118.65625 80.234375 118.65625 98.3125 118.65625 116.390625 118.65625 134.46875 118.65625 151.46875 118.65625 168.46875 118.65625 186.54688 118.65625 204.625 118.65625 222.6875 118.65625 240.75 118.65625 258.8125 118.65625 275.8125 118.65625 292.8125 118.65625 310.875 118.65625 328.9375 118.65625 347.0 118.65625
run font=8 size=17.0 color=Text orientation=Upright
  ids 9573 27580 9650 58986 20690 11953 40150 13990 27580 31910 15876 58986 15876 32661 13244 14039 33459 41263 40152
  pos 26.0 146.70313 44.078125 146.70313 62.15625 146.70313 79.15625 146.70313 96.15625 146.70313 114.234375 146.70313 132.3125 146.70313 150.39063 146.70313 168.46875 146.70313 186.54688 146.70313 204.625 146.70313 221.625 146.70313 238.625 146.70313 256.6875 146.70313 274.75 146.70313 292.8125 146.70313 310.875 146.70313 328.9375 146.70313 347.0 146.70313
run font=8 size=17.0 color=Text orientation=Upright
  ids 18537 9511 40474 58851 31588 1405
  pos 26.0 174.75 43.0 174.75 60.0 174.75 77.0 174.75 94.0 174.75 111.0 174.75
run font=8 size=17.0 color=Text orientation=Upright
  ids 20657 10854 23245 13244 29357 11915 9523 58986 15806 41263 9511 25679 15553 43546 1405 9814 19912 9524 18640
  pos 26.0 219.79688 44.078125 219.79688 62.15625 219.79688 80.234375 219.79688 98.3125 219.79688 116.390625 219.79688 134.46875 219.79688 151.46875 219.79688 168.46875 219.79688 186.54688 219.79688 204.625 219.79688 222.6875 219.79688 240.75 219.79688 258.8125 219.79688 275.8125 219.79688 292.8125 219.79688 310.875 219.79688 328.9375 219.79688 347.0 219.79688
run font=8 size=17.0 color=Text orientation=Upright
  ids 9573 27580 9650 58986 20690 11953 40150 13990 27580 31910 15876 58986 15876 32661 13244 14039 33459 41263 40152
  pos 26.0 247.84375 44.078125 247.84375 62.15625 247.84375 79.15625 247.84375 96.15625 247.84375 114.234375 247.84375 132.3125 247.84375 150.39063 247.84375 168.46875 247.84375 186.54688 247.84375 204.625 247.84375 221.625 247.84375 238.625 247.84375 256.6875 247.84375 274.75 247.84375 292.8125 247.84375 310.875 247.84375 328.9375 247.84375 347.0 247.84375
run font=8 size=17.0 color=Text orientation=Upright
  ids 18537 9511 40474 58851 31588 1405
  pos 26.0 275.89063 43.0 275.89063 60.0 275.89063 77.0 275.89063 94.0 275.89063 111.0 275.89063
run font=8 size=17.0 color=Text orientation=Upright
  ids 20657 10854 23245 13244 29357 11915 9523 58986 15806 41263 9511 25679 15553 43546 1405 9814 19912 9524 18640
  pos 26.0 320.9375 44.078125 320.9375 62.15625 320.9375 80.234375 320.9375 98.3125 320.9375 116.390625 320.9375 134.46875 320.9375 151.46875 320.9375 168.46875 320.9375 186.54688 320.9375 204.625 320.9375 222.6875 320.9375 240.75 320.9375 258.8125 320.9375 275.8125 320.9375 292.8125 320.9375 310.875 320.9375 328.9375 320.9375 347.0 320.9375
run font=8 size=17.0 color=Text orientation=Upright
  ids 9573 27580 9650 58986 20690 11953 40150 13990 27580 31910 15876 58986 15876 32661 13244 14039 33459 41263 40152
  pos 26.0 348.98438 44.078125 348.98438 62.15625 348.98438 79.15625 348.98438 96.15625 348.98438 114.234375 348.98438 132.3125 348.98438 150.39063 348.98438 168.46875 348.98438 186.54688 348.98438 204.625 348.98438 221.625 348.98438 238.625 348.98438 256.6875 348.98438 274.75 348.98438 292.8125 348.98438 310.875 348.98438 328.9375 348.98438 347.0 348.98438
run font=8 size=17.0 color=Text orientation=Upright
  ids 18537 9511 40474 58851 31588 1405
  pos 26.0 377.03125 43.0 377.03125 60.0 377.03125 77.0 377.03125 94.0 377.03125 111.0 377.03125
run font=8 size=17.0 color=Text orientation=Upright
  ids 20657 10854 23245 13244 29357 11915 9523 58986 15806 41263 9511 25679 15553 43546 1405 9814 19912 9524 18640
  pos 26.0 422.07813 44.078125 422.07813 62.15625 422.07813 80.234375 422.07813 98.3125 422.07813 116.390625 422.07813 134.46875 422.07813 151.46875 422.07813 168.46875 422.07813 186.54688 422.07813 204.625 422.07813 222.6875 422.07813 240.75 422.07813 258.8125 422.07813 275.8125 422.07813 292.8125 422.07813 310.875 422.07813 328.9375 422.07813 347.0 422.07813
run font=8 size=17.0 color=Text orientation=Upright
  ids 9573 27580 9650 58986 20690 11953 40150 13990 27580 31910 15876 58986 15876 32661 13244 14039 33459 41263 40152
  pos 26.0 450.125 44.078125 450.125 62.15625 450.125 79.15625 450.125 96.15625 450.125 114.234375 450.125 132.3125 450.125 150.39063 450.125 168.46875 450.125 186.54688 450.125 204.625 450.125 221.625 450.125 238.625 450.125 256.6875 450.125 274.75 450.125 292.8125 450.125 310.875 450.125 328.9375 450.125 347.0 450.125
run font=8 size=17.0 color=Text orientation=Upright
  ids 18537 9511 40474 58851 31588 1405
  pos 26.0 478.17188 43.0 478.17188 60.0 478.17188 77.0 478.17188 94.0 478.17188 111.0 478.17188
run font=8 size=17.0 color=Text orientation=Upright
  ids 20657 10854 23245 13244 29357 11915 9523 58986 15806 41263 9511 25679 15553 43546 1405 9814 19912 9524 18640
  pos 26.0 523.21875 44.078125 523.21875 62.15625 523.21875 80.234375 523.21875 98.3125 523.21875 116.390625 523.21875 134.46875 523.21875 151.46875 523.21875 168.46875 523.21875 186.54688 523.21875 204.625 523.21875 222.6875 523.21875 240.75 523.21875 258.8125 523.21875 275.8125 523.21875 292.8125 523.21875 310.875 523.21875 328.9375 523.21875 347.0 523.21875
run font=8 size=17.0 color=Text orientation=Upright
  ids 9573 27580 9650 58986 20690 11953 40150 13990 27580 31910 15876 58986 15876 32661 13244 14039 33459 41263 40152
  pos 26.0 551.2656 44.078125 551.2656 62.15625 551.2656 79.15625 551.2656 96.15625 551.2656 114.234375 551.2656 132.3125 551.2656 150.39063 551.2656 168.46875 551.2656 186.54688 551.2656 204.625 551.2656 221.625 551.2656 238.625 551.2656 256.6875 551.2656 274.75 551.2656 292.8125 551.2656 310.875 551.2656 328.9375 551.2656 347.0 551.2656
run font=8 size=17.0 color=Text orientation=Upright
  ids 18537 9511 40474 58851 31588 1405
  pos 26.0 579.3125 43.0 579.3125 60.0 579.3125 77.0 579.3125 94.0 579.3125 111.0 579.3125
images 0
decorations 0
links 0
a11y 6
block role=Heading is_link=false lang=None rect=Rect { x: 26.0, y: 26.0, width: 102.0, height: 48.859375 } text="第一章"
block role=Body is_link=false lang=None rect=Rect { x: 26.0, y: 99.09375, width: 338.0, height: 80.515625 } text="月光洒在窗台上，屋里一片寂静。他放下手中的书，望向远处的群山，山脊在夜色里连成一道墨线。"
block role=Body is_link=false lang=None rect=Rect { x: 26.0, y: 200.234375, width: 338.0, height: 80.515625 } text="月光洒在窗台上，屋里一片寂静。他放下手中的书，望向远处的群山，山脊在夜色里连成一道墨线。"
block role=Body is_link=false lang=None rect=Rect { x: 26.0, y: 301.375, width: 338.0, height: 80.515625 } text="月光洒在窗台上，屋里一片寂静。他放下手中的书，望向远处的群山，山脊在夜色里连成一道墨线。"
block role=Body is_link=false lang=None rect=Rect { x: 26.0, y: 402.515625, width: 338.0, height: 80.515625 } text="月光洒在窗台上，屋里一片寂静。他放下手中的书，望向远处的群山，山脊在夜色里连成一道墨线。"
block role=Body is_link=false lang=None rect=Rect { x: 26.0, y: 503.65625, width: 338.0, height: 80.515625 } text="月光洒在窗台上，屋里一片寂静。他放下手中的书，望向远处的群山，山脊在夜色里连成一道墨线。"
