generation 0
glyph_runs 2
run font=0 size=17.0 color=Text orientation=Upright
  ids 37 72 73 82 85 72 3 87 75 72 3 2148 85 86 87 3 83 79 68 87 72 17
  pos 26.0 44.171875 37.125 44.171875 46.21875 44.171875 52.484375 44.171875 62.296875 44.171875 70.296875 44.171875 79.390625 44.171875 83.8125 44.171875 89.796875 44.171875 100.59375 44.171875 109.6875 44.171875 114.109375 44.171875 125.375 44.171875 133.375 44.171875 141.04688 44.171875 147.03125 44.171875 151.45313 44.171875 161.89063 44.171875 167.15625 44.171875 176.73438 44.171875 182.71875 44.171875 191.8125 44.171875
run font=0 size=17.0 color=Text orientation=Upright
  ids 37 72 87 90 72 72 81 3 87 75 72 3 83 79 68 87 72 86 17
  pos 26.0 186.21875 37.125 186.21875 46.21875 186.21875 52.203125 186.21875 66.859375 186.21875 75.953125 186.21875 85.046875 186.21875 96.015625 186.21875 100.4375 186.21875 106.421875 186.21875 117.21875 186.21875 126.3125 186.21875 130.73438 186.21875 141.17188 186.21875 146.4375 186.21875 156.01563 186.21875 162.0 186.21875 171.09375 186.21875 178.76563 186.21875
images 1
image href=OEBPS/plate1.png rect=Rect { x: 135.0, y: 71.046875, width: 120.0, height: 80.0 }
decorations 0
links 0
a11y 2
block role=Body is_link=false lang=None rect=Rect { x: 26.0, y: 26.0, width: 170.0625, height: 23.15625 } text="Before the first plate."
block role=Body is_link=false lang=None rect=Rect { x: 26.0, y: 168.046875, width: 157.015625, height: 23.15625 } text="Between the plates."
