generation 0
glyph_runs 17
run font=2 size=34.0 color=Text orientation=Upright
  ids 55 75 72 3 57 82 92 68 74 72
  pos 26.0 62.34375 48.203125 62.34375 70.875 62.34375 90.328125 62.34375 99.171875 62.34375 120.859375 62.34375 141.0625 62.34375 160.75 62.34375 181.15625 62.34375 200.20313 62.34375
run font=0 size=17.0 color=Text orientation=Upright
  ids 55 75 72 3 86 75 76 83 3 79 72 73 87 3 84 88 76 72 87 79 92 3 68 87 3 71 68 90 81 15 3 76 87 86 3 90 68 78 72 3 68 3
  pos 26.0 117.265625 36.421875 117.265625 47.21875 117.265625 56.3125 117.265625 62.953125 117.265625 70.625 117.265625 81.421875 117.265625 86.859375 117.265625 97.296875 117.265625 103.9375 117.265625 109.203125 117.265625 118.296875 117.265625 124.5625 117.265625 130.54688 117.265625 137.1875 117.265625 147.625 117.265625 158.42188 117.265625 163.85938 117.265625 172.95313 117.265625 178.9375 117.265625 184.20313 117.265625 193.8125 117.265625 200.4375 117.265625 210.01563 117.265625 216.0 117.265625 222.625 117.265625 233.0625 117.265625 242.64063 117.265625 257.29688 117.265625 268.26563 117.265625 272.51563 117.265625 279.14063 117.265625 284.57813 117.265625 290.5625 117.265625 298.23438 117.265625 304.85938 117.265625 319.51563 117.265625 329.09375 117.265625 338.70313 117.265625 347.79688 117.265625 354.42188 117.265625 364.0 117.265625
run font=0 size=17.0 color=Text orientation=Upright
  ids 83 68 79 72 3 86 72 68 80 3 82 81 3 87 75 72 3 74 85 72 92 3 90 68 87 72 85 15 3 68 81 71 3 87 75 72 3 79 82 81 74 3
  pos 26.0 145.3125 36.4375 145.3125 46.015625 145.3125 51.28125 145.3125 60.375 145.3125 65.046875 145.3125 72.71875 145.3125 81.8125 145.3125 91.390625 145.3125 107.453125 145.3125 112.125 145.3125 121.9375 145.3125 132.90625 145.3125 137.57813 145.3125 143.5625 145.3125 154.35938 145.3125 163.45313 145.3125 168.125 145.3125 177.26563 145.3125 185.26563 145.3125 194.35938 145.3125 203.96875 145.3125 208.625 145.3125 223.28125 145.3125 232.85938 145.3125 238.84375 145.3125 247.9375 145.3125 253.73438 145.3125 257.98438 145.3125 262.64063 145.3125 272.21875 145.3125 283.1875 145.3125 293.625 145.3125 298.28125 145.3125 304.26563 145.3125 315.0625 145.3125 324.15625 145.3125 328.8125 145.3125 334.07813 145.3125 343.89063 145.3125 354.85938 145.3125 364.0 145.3125
run font=0 size=17.0 color=Text orientation=Upright
  ids 86 90 72 79 79 3 70 68 85 85 76 72 71 3 76 87 3 83 68 86 87 3 87 75 72 3 79 68 86 87 3 82 73 3 87 75 72 3 75 68 85 69 82 85 3
  pos 26.0 173.35938 33.671875 173.35938 48.328125 173.35938 57.421875 173.35938 62.6875 173.35938 67.953125 173.35938 72.84375 173.35938 81.203125 173.35938 90.78125 173.35938 98.78125 173.35938 106.78125 173.35938 112.21875 173.35938 121.3125 173.35938 131.75 173.35938 136.64063 173.35938 142.07813 173.35938 148.0625 173.35938 152.95313 173.35938 163.39063 173.35938 172.96875 173.35938 180.64063 173.35938 186.625 173.35938 191.51563 173.35938 197.5 173.35938 208.29688 173.35938 217.39063 173.35938 222.28125 173.35938 227.54688 173.35938 237.125 173.35938 244.79688 173.35938 250.78125 173.35938 255.67188 173.35938 265.48438 173.35938 271.75 173.35938 276.625 173.35938 282.60938 173.35938 293.40625 173.35938 302.5 173.35938 307.375 173.35938 318.17188 173.35938 327.75 173.35938 335.75 173.35938 346.1875 173.35938 356.0 173.35938 364.0 173.35938
run font=0 size=17.0 color=Text orientation=Upright
  ids 79 76 74 75 87 86 17
  pos 26.0 201.40625 31.265625 201.40625 36.703125 201.40625 45.84375 201.40625 56.640625 201.40625 62.625 201.40625 70.296875 201.40625
run font=0 size=17.0 color=Text orientation=Upright
  ids 55 75 72 3 86 75 76 83 3 79 72 73 87 3 84 88 76 72 87 79 92 3 68 87 3 71 68 90 81 15 3 76 87 86 3 90 68 78 72 3 68 3
  pos 26.0 246.45313 36.421875 246.45313 47.21875 246.45313 56.3125 246.45313 62.953125 246.45313 70.625 246.45313 81.421875 246.45313 86.859375 246.45313 97.296875 246.45313 103.9375 246.45313 109.203125 246.45313 118.296875 246.45313 124.5625 246.45313 130.54688 246.45313 137.1875 246.45313 147.625 246.45313 158.42188 246.45313 163.85938 246.45313 172.95313 246.45313 178.9375 246.45313 184.20313 246.45313 193.8125 246.45313 200.4375 246.45313 210.01563 246.45313 216.0 246.45313 222.625 246.45313 233.0625 246.45313 242.64063 246.45313 257.29688 246.45313 268.26563 246.45313 272.51563 246.45313 279.14063 246.45313 284.57813 246.45313 290.5625 246.45313 298.23438 246.45313 304.85938 246.45313 319.51563 246.45313 329.09375 246.45313 338.70313 246.45313 347.79688 246.45313 354.42188 246.45313 364.0 246.45313
run font=0 size=17.0 color=Text orientation=Upright
  ids 83 68 79 72 3 86 72 68 80 3 82 81 3 87 75 72 3 74 85 72 92 3 90 68 87 72 85 15 3 68 81 71 3 87 75 72 3 79 82 81 74 3
  pos 26.0 274.5 36.4375 274.5 46.015625 274.5 51.28125 274.5 60.375 274.5 65.046875 274.5 72.71875 274.5 81.8125 274.5 91.390625 274.5 107.453125 274.5 112.125 274.5 121.9375 274.5 132.90625 274.5 137.57813 274.5 143.5625 274.5 154.35938 274.5 163.45313 274.5 168.125 274.5 177.26563 274.5 185.26563 274.5 194.35938 274.5 203.96875 274.5 208.625 274.5 223.28125 274.5 232.85938 274.5 238.84375 274.5 247.9375 274.5 253.73438 274.5 257.98438 274.5 262.64063 274.5 272.21875 274.5 283.1875 274.5 293.625 274.5 298.28125 274.5 304.26563 274.5 315.0625 274.5 324.15625 274.5 328.8125 274.5 334.07813 274.5 343.89063 274.5 354.85938 274.5 364.0 274.5
run font=0 size=17.0 color=Text orientation=Upright
  ids 86 90 72 79 79 3 70 68 85 85 76 72 71 3 76 87 3 83 68 86 87 3 87 75 72 3 79 68 86 87 3 82 73 3 87 75 72 3 75 68 85 69 82 85 3
  pos 26.0 302.54688 33.671875 302.54688 48.328125 302.54688 57.421875 302.54688 62.6875 302.54688 67.953125 302.54688 72.84375 302.54688 81.203125 302.54688 90.78125 302.54688 98.78125 302.54688 106.78125 302.54688 112.21875 302.54688 121.3125 302.54688 131.75 302.54688 136.64063 302.54688 142.07813 302.54688 148.0625 302.54688 152.95313 302.54688 163.39063 302.54688 172.96875 302.54688 180.64063 302.54688 186.625 302.54688 191.51563 302.54688 197.5 302.54688 208.29688 302.54688 217.39063 302.54688 222.28125 302.54688 227.54688 302.54688 237.125 302.54688 244.79688 302.54688 250.78125 302.54688 255.67188 302.54688 265.48438 302.54688 271.75 302.54688 276.625 302.54688 282.60938 302.54688 293.40625 302.54688 302.5 302.54688 307.375 302.54688 318.17188 302.54688 327.75 302.54688 335.75 302.54688 346.1875 302.54688 356.0 302.54688 364.0 302.54688
run font=0 size=17.0 color=Text orientation=Upright
  ids 79 76 74 75 87 86 17
  pos 26.0 330.59375 31.265625 330.59375 36.703125 330.59375 45.84375 330.59375 56.640625 330.59375 62.625 330.59375 70.296875 330.59375
run font=0 size=17.0 color=Text orientation=Upright
  ids 55 75 72 3 86 75 76 83 3 79 72 73 87 3 84 88 76 72 87 79 92 3 68 87 3 71 68 90 81 15 3 76 87 86 3 90 68 78 72 3 68 3
  pos 26.0 375.64063 36.421875 375.64063 47.21875 375.64063 56.3125 375.64063 62.953125 375.64063 70.625 375.64063 81.421875 375.64063 86.859375 375.64063 97.296875 375.64063 103.9375 375.64063 109.203125 375.64063 118.296875 375.64063 124.5625 375.64063 130.54688 375.64063 137.1875 375.64063 147.625 375.64063 158.42188 375.64063 163.85938 375.64063 172.95313 375.64063 178.9375 375.64063 184.20313 375.64063 193.8125 375.64063 200.4375 375.64063 210.01563 375.64063 216.0 375.64063 222.625 375.64063 233.0625 375.64063 242.64063 375.64063 257.29688 375.64063 268.26563 375.64063 272.51563 375.64063 279.14063 375.64063 284.57813 375.64063 290.5625 375.64063 298.23438 375.64063 304.85938 375.64063 319.51563 375.64063 329.09375 375.64063 338.70313 375.64063 347.79688 375.64063 354.42188 375.64063 364.0 375.64063
run font=0 size=17.0 color=Text orientation=Upright
  ids 83 68 79 72 3 86 72 68 80 3 82 81 3 87 75 72 3 74 85 72 92 3 90 68 87 72 85 15 3 68 81 71 3 87 75 72 3 79 82 81 74 3
  pos 26.0 403.6875 36.4375 403.6875 46.015625 403.6875 51.28125 403.6875 60.375 403.6875 65.046875 403.6875 72.71875 403.6875 81.8125 403.6875 91.390625 403.6875 107.453125 403.6875 112.125 403.6875 121.9375 403.6875 132.90625 403.6875 137.57813 403.6875 143.5625 403.6875 154.35938 403.6875 163.45313 403.6875 168.125 403.6875 177.26563 403.6875 185.26563 403.6875 194.35938 403.6875 203.96875 403.6875 208.625 403.6875 223.28125 403.6875 232.85938 403.6875 238.84375 403.6875 247.9375 403.6875 253.73438 403.6875 257.98438 403.6875 262.64063 403.6875 272.21875 403.6875 283.1875 403.6875 293.625 403.6875 298.28125 403.6875 304.26563 403.6875 315.0625 403.6875 324.15625 403.6875 328.8125 403.6875 334.07813 403.6875 343.89063 403.6875 354.85938 403.6875 364.0 403.6875
run font=0 size=17.0 color=Text orientation=Upright
  ids 86 90 72 79 79 3 70 68 85 85 76 72 71 3 76 87 3 83 68 86 87 3 87 75 72 3 79 68 86 87 3 82 73 3 87 75 72 3 75 68 85 69 82 85 3
  pos 26.0 431.73438 33.671875 431.73438 48.328125 431.73438 57.421875 431.73438 62.6875 431.73438 67.953125 431.73438 72.84375 431.73438 81.203125 431.73438 90.78125 431.73438 98.78125 431.73438 106.78125 431.73438 112.21875 431.73438 121.3125 431.73438 131.75 431.73438 136.64063 431.73438 142.07813 431.73438 148.0625 431.73438 152.95313 431.73438 163.39063 431.73438 172.96875 431.73438 180.64063 431.73438 186.625 431.73438 191.51563 431.73438 197.5 431.73438 208.29688 431.73438 217.39063 431.73438 222.28125 431.73438 227.54688 431.73438 237.125 431.73438 244.79688 431.73438 250.78125 431.73438 255.67188 431.73438 265.48438 431.73438 271.75 431.73438 276.625 431.73438 282.60938 431.73438 293.40625 431.73438 302.5 431.73438 307.375 431.73438 318.17188 431.73438 327.75 431.73438 335.75 431.73438 346.1875 431.73438 356.0 431.73438 364.0 431.73438
run font=0 size=17.0 color=Text orientation=Upright
  ids 79 76 74 75 87 86 17
  pos 26.0 459.78125 31.265625 459.78125 36.703125 459.78125 45.84375 459.78125 56.640625 459.78125 62.625 459.78125 70.296875 459.78125
run font=0 size=17.0 color=Text orientation=Upright
  ids 55 75 72 3 86 75 76 83 3 79 72 73 87 3 84 88 76 72 87 79 92 3 68 87 3 71 68 90 81 15 3 76 87 86 3 90 68 78 72 3 68 3
  pos 26.0 504.82813 36.421875 504.82813 47.21875 504.82813 56.3125 504.82813 62.953125 504.82813 70.625 504.82813 81.421875 504.82813 86.859375 504.82813 97.296875 504.82813 103.9375 504.82813 109.203125 504.82813 118.296875 504.82813 124.5625 504.82813 130.54688 504.82813 137.1875 504.82813 147.625 504.82813 158.42188 504.82813 163.85938 504.82813 172.95313 504.82813 178.9375 504.82813 184.20313 504.82813 193.8125 504.82813 200.4375 504.82813 210.01563 504.82813 216.0 504.82813 222.625 504.82813 233.0625 504.82813 242.64063 504.82813 257.29688 504.82813 268.26563 504.82813 272.51563 504.82813 279.14063 504.82813 284.57813 504.82813 290.5625 504.82813 298.23438 504.82813 304.85938 504.82813 319.51563 504.82813 329.09375 504.82813 338.70313 504.82813 347.79688 504.82813 354.42188 504.82813 364.0 504.82813
run font=0 size=17.0 color=Text orientation=Upright
  ids 83 68 79 72 3 86 72 68 80 3 82 81 3 87 75 72 3 74 85 72 92 3 90 68 87 72 85 15 3 68 81 71 3 87 75 72 3 79 82 81 74 3
  pos 26.0 532.875 36.4375 532.875 46.015625 532.875 51.28125 532.875 60.375 532.875 65.046875 532.875 72.71875 532.875 81.8125 532.875 91.390625 532.875 107.453125 532.875 112.125 532.875 121.9375 532.875 132.90625 532.875 137.57813 532.875 143.5625 532.875 154.35938 532.875 163.45313 532.875 168.125 532.875 177.26563 532.875 185.26563 532.875 194.35938 532.875 203.96875 532.875 208.625 532.875 223.28125 532.875 232.85938 532.875 238.84375 532.875 247.9375 532.875 253.73438 532.875 257.98438 532.875 262.64063 532.875 272.21875 532.875 283.1875 532.875 293.625 532.875 298.28125 532.875 304.26563 532.875 315.0625 532.875 324.15625 532.875 328.8125 532.875 334.07813 532.875 343.89063 532.875 354.85938 532.875 364.0 532.875
run font=0 size=17.0 color=Text orientation=Upright
  ids 86 90 72 79 79 3 70 68 85 85 76 72 71 3 76 87 3 83 68 86 87 3 87 75 72 3 79 68 86 87 3 82 73 3 87 75 72 3 75 68 85 69 82 85 3
  pos 26.0 560.9219 33.671875 560.9219 48.328125 560.9219 57.421875 560.9219 62.6875 560.9219 67.953125 560.9219 72.84375 560.9219 81.203125 560.9219 90.78125 560.9219 98.78125 560.9219 106.78125 560.9219 112.21875 560.9219 121.3125 560.9219 131.75 560.9219 136.64063 560.9219 142.07813 560.9219 148.0625 560.9219 152.95313 560.9219 163.39063 560.9219 172.96875 560.9219 180.64063 560.9219 186.625 560.9219 191.51563 560.9219 197.5 560.9219 208.29688 560.9219 217.39063 560.9219 222.28125 560.9219 227.54688 560.9219 237.125 560.9219 244.79688 560.9219 250.78125 560.9219 255.67188 560.9219 265.48438 560.9219 271.75 560.9219 276.625 560.9219 282.60938 560.9219 293.40625 560.9219 302.5 560.9219 307.375 560.9219 318.17188 560.9219 327.75 560.9219 335.75 560.9219 346.1875 560.9219 356.0 560.9219 364.0 560.9219
run font=0 size=17.0 color=Text orientation=Upright
  ids 79 76 74 75 87 86 17
  pos 26.0 588.96875 31.265625 588.96875 36.703125 588.96875 45.84375 588.96875 56.640625 588.96875 62.625 588.96875 70.296875 588.96875
images 0
decorations 0
links 0
a11y 5
block role=Heading is_link=false lang=None rect=Rect { x: 26.0, y: 26.0, width: 193.65625, height: 46.3125 } text="The Voyage"
block role=Body is_link=false lang=None rect=Rect { x: 26.0, y: 99.09375, width: 338.0, height: 107.296875 } text="The ship left quietly at dawn, its wake a pale seam on the grey water, and the long swell carried it past the last of the harbor lights."
block role=Body is_link=false lang=None rect=Rect { x: 26.0, y: 228.28125, width: 338.0, height: 107.296875 } text="The ship left quietly at dawn, its wake a pale seam on the grey water, and the long swell carried it past the last of the harbor lights."
block role=Body is_link=false lang=None rect=Rect { x: 26.0, y: 357.46875, width: 338.0, height: 107.296875 } text="The ship left quietly at dawn, its wake a pale seam on the grey water, and the long swell carried it past the last of the harbor lights."
block role=Body is_link=false lang=None rect=Rect { x: 26.0, y: 486.65625, width: 338.0, height: 107.296875 } text="The ship left quietly at dawn, its wake a pale seam on the grey water, and the long swell carried it past the last of the harbor lights."
