generation 0
glyph_runs 56
run font=0 size=17.0 color=Text orientation=Upright
  ids 55 75 72 3
  pos 26.0 45.5625 36.421875 45.5625 47.21875 45.5625 56.3125 45.5625
run font=8 size=17.0 color=Text orientation=Upright
  ids 20812 9753
  pos 62.25 45.5625 79.25 45.5625
run font=0 size=17.0 color=Text orientation=Upright
  ids 3
  pos 96.25 45.5625
run font=0 size=17.0 color=Text orientation=Upright
  ids 79 76 81 72 3 82 83 72 81 72 71 3 76 81 3 20 28 21 26 3 68 81 71 3 70 68 85 85 76 72 86 3
  pos 102.1875 45.5625 107.453125 45.5625 112.890625 45.5625 123.859375 45.5625 132.95313 45.5625 138.89063 45.5625 148.70313 45.5625 159.14063 45.5625 168.23438 45.5625 179.20313 45.5625 188.29688 45.5625 198.73438 45.5625 204.67188 45.5625 210.10938 45.5625 221.07813 45.5625 227.01563 45.5625 236.51563 45.5625 246.01563 45.5625 255.51563 45.5625 265.01563 45.5625 270.95313 45.5625 280.53125 45.5625 291.5 45.5625 301.9375 45.5625 307.85938 45.5625 316.21875 45.5625 325.79688 45.5625 333.79688 45.5625 341.79688 45.5625 347.23438 45.5625 356.32813 45.5625 364.0 45.5625
run font=0 size=17.0 color=Text orientation=Upright
  ids 21 19 19 19 19 19 19 3 85 76 71 72 85 86 3 83 68 86 87 3
  pos 26.0 72.21875 35.5 72.21875 45.0 72.21875 54.5 72.21875 64.0 72.21875 73.5 72.21875 83.0 72.21875 92.5 72.21875 96.921875 72.21875 104.921875 72.21875 110.359375 72.21875 120.796875 72.21875 129.89063 72.21875 137.89063 72.21875 145.5625 72.21875 149.98438 72.21875 160.42188 72.21875 170.0 72.21875 177.67188 72.21875 183.65625 72.21875
run font=0 size=17.0 color=Text orientation=Upright
  ids 0 0 0 0
  pos 188.07813 72.21875 198.28125 72.21875 208.48438 72.21875 218.6875 72.21875
run font=0 size=17.0 color=Text orientation=Upright
  ids 3 86 76 74 81 86 3 71 68 76 79 92 17
  pos 228.89063 72.21875 233.3125 72.21875 240.98438 72.21875 246.42188 72.21875 255.5625 72.21875 266.53125 72.21875 274.20313 72.21875 278.625 72.21875 289.0625 72.21875 298.64063 72.21875 304.07813 72.21875 309.34375 72.21875 317.42188 72.21875
run font=0 size=17.0 color=Text orientation=Upright
  ids 55 75 72 3
  pos 26.0 118.65625 36.421875 118.65625 47.21875 118.65625 56.3125 118.65625
run font=8 size=17.0 color=Text orientation=Upright
  ids 20812 9753
  pos 62.25 118.65625 79.25 118.65625
run font=0 size=17.0 color=Text orientation=Upright
  ids 3
  pos 96.25 118.65625
run font=0 size=17.0 color=Text orientation=Upright
  ids 79 76 81 72 3 82 83 72 81 72 71 3 76 81 3 20 28 21 26 3 68 81 71 3 70 68 85 85 76 72 86 3
  pos 102.1875 118.65625 107.453125 118.65625 112.890625 118.65625 123.859375 118.65625 132.95313 118.65625 138.89063 118.65625 148.70313 118.65625 159.14063 118.65625 168.23438 118.65625 179.20313 118.65625 188.29688 118.65625 198.73438 118.65625 204.67188 118.65625 210.10938 118.65625 221.07813 118.65625 227.01563 118.65625 236.51563 118.65625 246.01563 118.65625 255.51563 118.65625 265.01563 118.65625 270.95313 118.65625 280.53125 118.65625 291.5 118.65625 301.9375 118.65625 307.85938 118.65625 316.21875 118.65625 325.79688 118.65625 333.79688 118.65625 341.79688 118.65625 347.23438 118.65625 356.32813 118.65625 364.0 118.65625
run font=0 size=17.0 color=Text orientation=Upright
  ids 21 19 19 19 19 19 19 3 85 76 71 72 85 86 3 83 68 86 87 3
  pos 26.0 145.3125 35.5 145.3125 45.0 145.3125 54.5 145.3125 64.0 145.3125 73.5 145.3125 83.0 145.3125 92.5 145.3125 96.921875 145.3125 104.921875 145.3125 110.359375 145.3125 120.796875 145.3125 129.89063 145.3125 137.89063 145.3125 145.5625 145.3125 149.98438 145.3125 160.42188 145.3125 170.0 145.3125 177.67188 145.3125 183.65625 145.3125
run font=0 size=17.0 color=Text orientation=Upright
  ids 0 0 0 0
  pos 188.07813 145.3125 198.28125 145.3125 208.48438 145.3125 218.6875 145.3125
run font=0 size=17.0 color=Text orientation=Upright
  ids 3 86 76 74 81 86 3 71 68 76 79 92 17
  pos 228.89063 145.3125 233.3125 145.3125 240.98438 145.3125 246.42188 145.3125 255.5625 145.3125 266.53125 145.3125 274.20313 145.3125 278.625 145.3125 289.0625 145.3125 298.64063 145.3125 304.07813 145.3125 309.34375 145.3125 317.42188 145.3125
run font=0 size=17.0 color=Text orientation=Upright
  ids 55 75 72 3
  pos 26.0 191.75 36.421875 191.75 47.21875 191.75 56.3125 191.75
run font=8 size=17.0 color=Text orientation=Upright
  ids 20812 9753
  pos 62.25 191.75 79.25 191.75
run font=0 size=17.0 color=Text orientation=Upright
  ids 3
  pos 96.25 191.75
run font=0 size=17.0 color=Text orientation=Upright
  ids 79 76 81 72 3 82 83 72 81 72 71 3 76 81 3 20 28 21 26 3 68 81 71 3 70 68 85 85 76 72 86 3
  pos 102.1875 191.75 107.453125 191.75 112.890625 191.75 123.859375 191.75 132.95313 191.75 138.89063 191.75 148.70313 191.75 159.14063 191.75 168.23438 191.75 179.20313 191.75 188.29688 191.75 198.73438 191.75 204.67188 191.75 210.10938 191.75 221.07813 191.75 227.01563 191.75 236.51563 191.75 246.01563 191.75 255.51563 191.75 265.01563 191.75 270.95313 191.75 280.53125 191.75 291.5 191.75 301.9375 191.75 307.85938 191.75 316.21875 191.75 325.79688 191.75 333.79688 191.75 341.79688 191.75 347.23438 191.75 356.32813 191.75 364.0 191.75
run font=0 size=17.0 color=Text orientation=Upright
  ids 21 19 19 19 19 19 19 3 85 76 71 72 85 86 3 83 68 86 87 3
  pos 26.0 218.40625 35.5 218.40625 45.0 218.40625 54.5 218.40625 64.0 218.40625 73.5 218.40625 83.0 218.40625 92.5 218.40625 96.921875 218.40625 104.921875 218.40625 110.359375 218.40625 120.796875 218.40625 129.89063 218.40625 137.89063 218.40625 145.5625 218.40625 149.98438 218.40625 160.42188 218.40625 170.0 218.40625 177.67188 218.40625 183.65625 218.40625
run font=0 size=17.0 color=Text orientation=Upright
  ids 0 0 0 0
  pos 188.07813 218.40625 198.28125 218.40625 208.48438 218.40625 218.6875 218.40625
run font=0 size=17.0 color=Text orientation=Upright
  ids 3 86 76 74 81 86 3 71 68 76 79 92 17
  pos 228.89063 218.40625 233.3125 218.40625 240.98438 218.40625 246.42188 218.40625 255.5625 218.40625 266.53125 218.40625 274.20313 218.40625 278.625 218.40625 289.0625 218.40625 298.64063 218.40625 304.07813 218.40625 309.34375 218.40625 317.42188 218.40625
run font=0 size=17.0 color=Text orientation=Upright
  ids 55 75 72 3
  pos 26.0 264.84375 36.421875 264.84375 47.21875 264.84375 56.3125 264.84375
run font=8 size=17.0 color=Text orientation=Upright
  ids 20812 9753
  pos 62.25 264.84375 79.25 264.84375
run font=0 size=17.0 color=Text orientation=Upright
  ids 3
  pos 96.25 264.84375
run font=0 size=17.0 color=Text orientation=Upright
  ids 79 76 81 72 3 82 83 72 81 72 71 3 76 81 3 20 28 21 26 3 68 81 71 3 70 68 85 85 76 72 86 3
  pos 102.1875 264.84375 107.453125 264.84375 112.890625 264.84375 123.859375 264.84375 132.95313 264.84375 138.89063 264.84375 148.70313 264.84375 159.14063 264.84375 168.23438 264.84375 179.20313 264.84375 188.29688 264.84375 198.73438 264.84375 204.67188 264.84375 210.10938 264.84375 221.07813 264.84375 227.01563 264.84375 236.51563 264.84375 246.01563 264.84375 255.51563 264.84375 265.01563 264.84375 270.95313 264.84375 280.53125 264.84375 291.5 264.84375 301.9375 264.84375 307.85938 264.84375 316.21875 264.84375 325.79688 264.84375 333.79688 264.84375 341.79688 264.84375 347.23438 264.84375 356.32813 264.84375 364.0 264.84375
run font=0 size=17.0 color=Text orientation=Upright
  ids 21 19 19 19 19 19 19 3 85 76 71 72 85 86 3 83 68 86 87 3
  pos 26.0 291.5 35.5 291.5 45.0 291.5 54.5 291.5 64.0 291.5 73.5 291.5 83.0 291.5 92.5 291.5 96.921875 291.5 104.921875 291.5 110.359375 291.5 120.796875 291.5 129.89063 291.5 137.89063 291.5 145.5625 291.5 149.98438 291.5 160.42188 291.5 170.0 291.5 177.67188 291.5 183.65625 291.5
run font=0 size=17.0 color=Text orientation=Upright
  ids 0 0 0 0
  pos 188.07813 291.5 198.28125 291.5 208.48438 291.5 218.6875 291.5
run font=0 size=17.0 color=Text orientation=Upright
  ids 3 86 76 74 81 86 3 71 68 76 79 92 17
  pos 228.89063 291.5 233.3125 291.5 240.98438 291.5 246.42188 291.5 255.5625 291.5 266.53125 291.5 274.20313 291.5 278.625 291.5 289.0625 291.5 298.64063 291.5 304.07813 291.5 309.34375 291.5 317.42188 291.5
run font=0 size=17.0 color=Text orientation=Upright
  ids 55 75 72 3
  pos 26.0 337.9375 36.421875 337.9375 47.21875 337.9375 56.3125 337.9375
run font=8 size=17.0 color=Text orientation=Upright
  ids 20812 9753
  pos 62.25 337.9375 79.25 337.9375
run font=0 size=17.0 color=Text orientation=Upright
  ids 3
  pos 96.25 337.9375
run font=0 size=17.0 color=Text orientation=Upright
  ids 79 76 81 72 3 82 83 72 81 72 71 3 76 81 3 20 28 21 26 3 68 81 71 3 70 68 85 85 76 72 86 3
  pos 102.1875 337.9375 107.453125 337.9375 112.890625 337.9375 123.859375 337.9375 132.95313 337.9375 138.89063 337.9375 148.70313 337.9375 159.14063 337.9375 168.23438 337.9375 179.20313 337.9375 188.29688 337.9375 198.73438 337.9375 204.67188 337.9375 210.10938 337.9375 221.07813 337.9375 227.01563 337.9375 236.51563 337.9375 246.01563 337.9375 255.51563 337.9375 265.01563 337.9375 270.95313 337.9375 280.53125 337.9375 291.5 337.9375 301.9375 337.9375 307.85938 337.9375 316.21875 337.9375 325.79688 337.9375 333.79688 337.9375 341.79688 337.9375 347.23438 337.9375 356.32813 337.9375 364.0 337.9375
run font=0 size=17.0 color=Text orientation=Upright
  ids 21 19 19 19 19 19 19 3 85 76 71 72 85 86 3 83 68 86 87 3
  pos 26.0 364.59375 35.5 364.59375 45.0 364.59375 54.5 364.59375 64.0 364.59375 73.5 364.59375 83.0 364.59375 92.5 364.59375 96.921875 364.59375 104.921875 364.59375 110.359375 364.59375 120.796875 364.59375 129.89063 364.59375 137.89063 364.59375 145.5625 364.59375 149.98438 364.59375 160.42188 364.59375 170.0 364.59375 177.67188 364.59375 183.65625 364.59375
run font=0 size=17.0 color=Text orientation=Upright
  ids 0 0 0 0
  pos 188.07813 364.59375 198.28125 364.59375 208.48438 364.59375 218.6875 364.59375
run font=0 size=17.0 color=Text orientation=Upright
  ids 3 86 76 74 81 86 3 71 68 76 79 92 17
  pos 228.89063 364.59375 233.3125 364.59375 240.98438 364.59375 246.42188 364.59375 255.5625 364.59375 266.53125 364.59375 274.20313 364.59375 278.625 364.59375 289.0625 364.59375 298.64063 364.59375 304.07813 364.59375 309.34375 364.59375 317.42188 364.59375
run font=0 size=17.0 color=Text orientation=Upright
  ids 55 75 72 3
  pos 26.0 411.03125 36.421875 411.03125 47.21875 411.03125 56.3125 411.03125
run font=8 size=17.0 color=Text orientation=Upright
  ids 20812 9753
  pos 62.25 411.03125 79.25 411.03125
run font=0 size=17.0 color=Text orientation=Upright
  ids 3
  pos 96.25 411.03125
run font=0 size=17.0 color=Text orientation=Upright
  ids 79 76 81 72 3 82 83 72 81 72 71 3 76 81 3 20 28 21 26 3 68 81 71 3 70 68 85 85 76 72 86 3
  pos 102.1875 411.03125 107.453125 411.03125 112.890625 411.03125 123.859375 411.03125 132.95313 411.03125 138.89063 411.03125 148.70313 411.03125 159.14063 411.03125 168.23438 411.03125 179.20313 411.03125 188.29688 411.03125 198.73438 411.03125 204.67188 411.03125 210.10938 411.03125 221.07813 411.03125 227.01563 411.03125 236.51563 411.03125 246.01563 411.03125 255.51563 411.03125 265.01563 411.03125 270.95313 411.03125 280.53125 411.03125 291.5 411.03125 301.9375 411.03125 307.85938 411.03125 316.21875 411.03125 325.79688 411.03125 333.79688 411.03125 341.79688 411.03125 347.23438 411.03125 356.32813 411.03125 364.0 411.03125
run font=0 size=17.0 color=Text orientation=Upright
  ids 21 19 19 19 19 19 19 3 85 76 71 72 85 86 3 83 68 86 87 3
  pos 26.0 437.6875 35.5 437.6875 45.0 437.6875 54.5 437.6875 64.0 437.6875 73.5 437.6875 83.0 437.6875 92.5 437.6875 96.921875 437.6875 104.921875 437.6875 110.359375 437.6875 120.796875 437.6875 129.89063 437.6875 137.89063 437.6875 145.5625 437.6875 149.98438 437.6875 160.42188 437.6875 170.0 437.6875 177.67188 437.6875 183.65625 437.6875
run font=0 size=17.0 color=Text orientation=Upright
  ids 0 0 0 0
  pos 188.07813 437.6875 198.28125 437.6875 208.48438 437.6875 218.6875 437.6875
run font=0 size=17.0 color=Text orientation=Upright
  ids 3 86 76 74 81 86 3 71 68 76 79 92 17
  pos 228.89063 437.6875 233.3125 437.6875 240.98438 437.6875 246.42188 437.6875 255.5625 437.6875 266.53125 437.6875 274.20313 437.6875 278.625 437.6875 289.0625 437.6875 298.64063 437.6875 304.07813 437.6875 309.34375 437.6875 317.42188 437.6875
run font=0 size=17.0 color=Text orientation=Upright
  ids 55 75 72 3
  pos 26.0 484.125 36.421875 484.125 47.21875 484.125 56.3125 484.125
run font=8 size=17.0 color=Text orientation=Upright
  ids 20812 9753
  pos 62.25 484.125 79.25 484.125
run font=0 size=17.0 color=Text orientation=Upright
  ids 3
  pos 96.25 484.125
run font=0 size=17.0 color=Text orientation=Upright
  ids 79 76 81 72 3 82 83 72 81 72 71 3 76 81 3 20 28 21 26 3 68 81 71 3 70 68 85 85 76 72 86 3
  pos 102.1875 484.125 107.453125 484.125 112.890625 484.125 123.859375 484.125 132.95313 484.125 138.89063 484.125 148.70313 484.125 159.14063 484.125 168.23438 484.125 179.20313 484.125 188.29688 484.125 198.73438 484.125 204.67188 484.125 210.10938 484.125 221.07813 484.125 227.01563 484.125 236.51563 484.125 246.01563 484.125 255.51563 484.125 265.01563 484.125 270.95313 484.125 280.53125 484.125 291.5 484.125 301.9375 484.125 307.85938 484.125 316.21875 484.125 325.79688 484.125 333.79688 484.125 341.79688 484.125 347.23438 484.125 356.32813 484.125 364.0 484.125
run font=0 size=17.0 color=Text orientation=Upright
  ids 21 19 19 19 19 19 19 3 85 76 71 72 85 86 3 83 68 86 87 3
  pos 26.0 510.78125 35.5 510.78125 45.0 510.78125 54.5 510.78125 64.0 510.78125 73.5 510.78125 83.0 510.78125 92.5 510.78125 96.921875 510.78125 104.921875 510.78125 110.359375 510.78125 120.796875 510.78125 129.89063 510.78125 137.89063 510.78125 145.5625 510.78125 149.98438 510.78125 160.42188 510.78125 170.0 510.78125 177.67188 510.78125 183.65625 510.78125
run font=0 size=17.0 color=Text orientation=Upright
  ids 0 0 0 0
  pos 188.07813 510.78125 198.28125 510.78125 208.48438 510.78125 218.6875 510.78125
run font=0 size=17.0 color=Text orientation=Upright
  ids 3 86 76 74 81 86 3 71 68 76 79 92 17
  pos 228.89063 510.78125 233.3125 510.78125 240.98438 510.78125 246.42188 510.78125 255.5625 510.78125 266.53125 510.78125 274.20313 510.78125 278.625 510.78125 289.0625 510.78125 298.64063 510.78125 304.07813 510.78125 309.34375 510.78125 317.42188 510.78125
run font=0 size=17.0 color=Text orientation=Upright
  ids 55 75 72 3
  pos 26.0 557.21875 36.421875 557.21875 47.21875 557.21875 56.3125 557.21875
run font=8 size=17.0 color=Text orientation=Upright
  ids 20812 9753
  pos 62.25 557.21875 79.25 557.21875
run font=0 size=17.0 color=Text orientation=Upright
  ids 3
  pos 96.25 557.21875
run font=0 size=17.0 color=Text orientation=Upright
  ids 79 76 81 72 3 82 83 72 81 72 71 3 76 81 3 20 28 21 26 3 68 81 71 3 70 68 85 85 76 72 86 3
  pos 102.1875 557.21875 107.453125 557.21875 112.890625 557.21875 123.859375 557.21875 132.95313 557.21875 138.89063 557.21875 148.70313 557.21875 159.14063 557.21875 168.23438 557.21875 179.20313 557.21875 188.29688 557.21875 198.73438 557.21875 204.67188 557.21875 210.10938 557.21875 221.07813 557.21875 227.01563 557.21875 236.51563 557.21875 246.01563 557.21875 255.51563 557.21875 265.01563 557.21875 270.95313 557.21875 280.53125 557.21875 291.5 557.21875 301.9375 557.21875 307.85938 557.21875 316.21875 557.21875 325.79688 557.21875 333.79688 557.21875 341.79688 557.21875 347.23438 557.21875 356.32813 557.21875 364.0 557.21875
run font=0 size=17.0 color=Text orientation=Upright
  ids 21 19 19 19 19 19 19 3 85 76 71 72 85 86 3 83 68 86 87 3
  pos 26.0 583.875 35.5 583.875 45.0 583.875 54.5 583.875 64.0 583.875 73.5 583.875 83.0 583.875 92.5 583.875 96.921875 583.875 104.921875 583.875 110.359375 583.875 120.796875 583.875 129.89063 583.875 137.89063 583.875 145.5625 583.875 149.98438 583.875 160.42188 583.875 170.0 583.875 177.67188 583.875 183.65625 583.875
run font=0 size=17.0 color=Text orientation=Upright
  ids 0 0 0 0
  pos 188.07813 583.875 198.28125 583.875 208.48438 583.875 218.6875 583.875
run font=0 size=17.0 color=Text orientation=Upright
  ids 3 86 76 74 81 86 3 71 68 76 79 92 17
  pos 228.89063 583.875 233.3125 583.875 240.98438 583.875 246.42188 583.875 255.5625 583.875 266.53125 583.875 274.20313 583.875 278.625 583.875 289.0625 583.875 298.64063 583.875 304.07813 583.875 309.34375 583.875 317.42188 583.875
images 0
decorations 0
links 0
a11y 8
block role=Body is_link=false lang=None rect=Rect { x: 26.0, y: 26.0, width: 338.0, height: 51.203125 } text="The 東京 line opened in 1927 and carries 2000000 riders past שלום signs daily."
block role=Body is_link=false lang=None rect=Rect { x: 26.0, y: 99.09375, width: 338.0, height: 51.203125 } text="The 東京 line opened in 1927 and carries 2000000 riders past שלום signs daily."
block role=Body is_link=false lang=None rect=Rect { x: 26.0, y: 172.1875, width: 338.0, height: 51.203125 } text="The 東京 line opened in 1927 and carries 2000000 riders past שלום signs daily."
block role=Body is_link=false lang=None rect=Rect { x: 26.0, y: 245.28125, width: 338.0, height: 51.203125 } text="The 東京 line opened in 1927 and carries 2000000 riders past שלום signs daily."
block role=Body is_link=false lang=None rect=Rect { x: 26.0, y: 318.375, width: 338.0, height: 51.203125 } text="The 東京 line opened in 1927 and carries 2000000 riders past שלום signs daily."
block role=Body is_link=false lang=None rect=Rect { x: 26.0, y: 391.46875, width: 338.0, height: 51.203125 } text="The 東京 line opened in 1927 and carries 2000000 riders past שלום signs daily."
block role=Body is_link=false lang=None rect=Rect { x: 26.0, y: 464.5625, width: 338.0, height: 51.203125 } text="The 東京 line opened in 1927 and carries 2000000 riders past שלום signs daily."
block role=Body is_link=false lang=None rect=Rect { x: 26.0, y: 537.65625, width: 338.0, height: 51.203125 } text="The 東京 line opened in 1927 and carries 2000000 riders past שלום signs daily."
